213752
216732
221063
221545
225583
229133
230648
233222
237330
239636
246224
249183
252936
254711
257200
257607
261424
266794
268649
273050
275001
277606
278997
283331
291591
292559
295180
295566
300400
304707
310638
318449
322082
326266
326880
327249
329914
334392
334575
336723
336734
338808
343269
346040
350113
353631
357154
361633
364889
365746
366426
369444
369689
372896
374983
375223
379163
380712
386777
388599
389450
392943
394742
395921
398644
398832
401149
402219
405364
408088
412901
417683
422267
426613
430474
433910
435054
440052
444630
447852
449116
453865
461750
463328
466458
473108
476773
477956
481991
482422
486195
488359
489388
491928
496569
496964
500877
502715
512526
512827
513796
518232
521455
524277
529345
531231
531766
535183
536593
539055
543708
547492
550779
551595
556493
558807
559102
569677
570945
575447
579937
580112
580680
583012
585395
586244
587393
590483
593112
597525
598184
600455
600953
601523
605761
608618
609198
610141
610536
612636
615233
618314
622752
626632
628889
629457
633673
637656
641136
644176
644973
647617
652218
659902
662224
666265
668010
672480
672695
676868
677125
